Case #1
original: 
[a] = [{1,2,3,4,5,6,7,8,9,10,11,12,13,14,15,16,17,18,19,20,21,22,23,24,25,26,27,28,29,30,31,32,33,34,35,36,37,38,39,40,41,42,43,44,45,46,47,48,49,50}]
before: 
[a] = [{1,2,4,3,5,6,7,8,9,10,11,12,13,14,15,16,17,18,19,20,21,22,23,24,25,26,27,28,29,30,31,32,33,34,35,36,37,38,39,40,41,42,43,44,45,46,47,48,49,50}]
after: 
[a] = [{2,4,3,5,6,7,8,9,10,11,12,13,14,15,16,17,18,19,20,21,22,23,24,25,26,27,28,29,30,31,32,33,34,35,36,37,38,39,40,41,42,43,44,45,46,47,48,49,50,1}]
after: 
[a] = [{4,3,5,6,7,8,9,10,11,12,13,14,15,16,17,18,19,20,21,22,23,24,25,26,27,28,29,30,31,32,33,34,35,36,37,38,39,40,41,42,43,44,45,46,47,48,49,50,1,2}]
after: 
[a] = [{3,5,6,7,8,9,10,11,12,13,14,15,16,17,18,19,20,21,22,23,24,25,26,27,28,29,30,31,32,33,34,35,36,37,38,39,40,41,42,43,44,45,46,47,48,49,50,1,2,4}]
after: 
[a] = [{5,6,7,8,9,10,11,12,13,14,15,16,17,18,19,20,21,22,23,24,25,26,27,28,29,30,31,32,33,34,35,36,37,38,39,40,41,42,43,44,45,46,47,48,49,50,1,2,4,3}]
after: 
[a] = [{6,7,8,9,10,11,12,13,14,15,16,17,18,19,20,21,22,23,24,25,26,27,28,29,30,31,32,33,34,35,36,37,38,39,40,41,42,43,44,45,46,47,48,49,50,1,2,4,3,5}]
after: 
[a] = [{7,8,9,10,11,12,13,14,15,16,17,18,19,20,21,22,23,24,25,26,27,28,29,30,31,32,33,34,35,36,37,38,39,40,41,42,43,44,45,46,47,48,49,50,1,2,4,3,5,6}]
after: 
[a] = [{8,9,10,11,12,13,14,15,16,17,18,19,20,21,22,23,24,25,26,27,28,29,30,31,32,33,34,35,36,37,38,39,40,41,42,43,44,45,46,47,48,49,50,1,2,4,3,5,6,7}]
after: 
[a] = [{9,10,11,12,13,14,15,16,17,18,19,20,21,22,23,24,25,26,27,28,29,30,31,32,33,34,35,36,37,38,39,40,41,42,43,44,45,46,47,48,49,50,1,2,4,3,5,6,7,8}]
after: 
[a] = [{10,11,12,13,14,15,16,17,18,19,20,21,22,23,24,25,26,27,28,29,30,31,32,33,34,35,36,37,38,39,40,41,42,43,44,45,46,47,48,49,50,1,2,4,3,5,6,7,8,9}]
after: 
[a] = [{11,12,13,14,15,16,17,18,19,20,21,22,23,24,25,26,27,28,29,30,31,32,33,34,35,36,37,38,39,40,41,42,43,44,45,46,47,48,49,50,1,2,4,3,5,6,7,8,9,10}]
after: 
[a] = [{12,13,14,15,16,17,18,19,20,21,22,23,24,25,26,27,28,29,30,31,32,33,34,35,36,37,38,39,40,41,42,43,44,45,46,47,48,49,50,1,2,4,3,5,6,7,8,9,10,11}]
after: 
[a] = [{13,14,15,16,17,18,19,20,21,22,23,24,25,26,27,28,29,30,31,32,33,34,35,36,37,38,39,40,41,42,43,44,45,46,47,48,49,50,1,2,4,3,5,6,7,8,9,10,11,12}]
after: 
[a] = [{14,15,16,17,18,19,20,21,22,23,24,25,26,27,28,29,30,31,32,33,34,35,36,37,38,39,40,41,42,43,44,45,46,47,48,49,50,1,2,4,3,5,6,7,8,9,10,11,12,13}]
after: 
[a] = [{15,16,17,18,19,20,21,22,23,24,25,26,27,28,29,30,31,32,33,34,35,36,37,38,39,40,41,42,43,44,45,46,47,48,49,50,1,2,4,3,5,6,7,8,9,10,11,12,13,14}]
after: 
[a] = [{16,17,18,19,20,21,22,23,24,25,26,27,28,29,30,31,32,33,34,35,36,37,38,39,40,41,42,43,44,45,46,47,48,49,50,1,2,4,3,5,6,7,8,9,10,11,12,13,14,15}]
after: 
[a] = [{17,18,19,20,21,22,23,24,25,26,27,28,29,30,31,32,33,34,35,36,37,38,39,40,41,42,43,44,45,46,47,48,49,50,1,2,4,3,5,6,7,8,9,10,11,12,13,14,15,16}]
after: 
[a] = [{18,19,20,21,22,23,24,25,26,27,28,29,30,31,32,33,34,35,36,37,38,39,40,41,42,43,44,45,46,47,48,49,50,1,2,4,3,5,6,7,8,9,10,11,12,13,14,15,16,17}]
after: 
[a] = [{19,20,21,22,23,24,25,26,27,28,29,30,31,32,33,34,35,36,37,38,39,40,41,42,43,44,45,46,47,48,49,50,1,2,4,3,5,6,7,8,9,10,11,12,13,14,15,16,17,18}]
after: 
[a] = [{20,21,22,23,24,25,26,27,28,29,30,31,32,33,34,35,36,37,38,39,40,41,42,43,44,45,46,47,48,49,50,1,2,4,3,5,6,7,8,9,10,11,12,13,14,15,16,17,18,19}]
after: 
[a] = [{21,22,23,24,25,26,27,28,29,30,31,32,33,34,35,36,37,38,39,40,41,42,43,44,45,46,47,48,49,50,1,2,4,3,5,6,7,8,9,10,11,12,13,14,15,16,17,18,19,20}]
after: 
[a] = [{22,23,24,25,26,27,28,29,30,31,32,33,34,35,36,37,38,39,40,41,42,43,44,45,46,47,48,49,50,1,2,4,3,5,6,7,8,9,10,11,12,13,14,15,16,17,18,19,20,21}]
after: 
[a] = [{23,24,25,26,27,28,29,30,31,32,33,34,35,36,37,38,39,40,41,42,43,44,45,46,47,48,49,50,1,2,4,3,5,6,7,8,9,10,11,12,13,14,15,16,17,18,19,20,21,22}]
after: 
[a] = [{24,25,26,27,28,29,30,31,32,33,34,35,36,37,38,39,40,41,42,43,44,45,46,47,48,49,50,1,2,4,3,5,6,7,8,9,10,11,12,13,14,15,16,17,18,19,20,21,22,23}]
after: 
[a] = [{25,26,27,28,29,30,31,32,33,34,35,36,37,38,39,40,41,42,43,44,45,46,47,48,49,50,1,2,4,3,5,6,7,8,9,10,11,12,13,14,15,16,17,18,19,20,21,22,23,24}]
after: 
[a] = [{26,27,28,29,30,31,32,33,34,35,36,37,38,39,40,41,42,43,44,45,46,47,48,49,50,1,2,4,3,5,6,7,8,9,10,11,12,13,14,15,16,17,18,19,20,21,22,23,24,25}]
after: 
[a] = [{27,28,29,30,31,32,33,34,35,36,37,38,39,40,41,42,43,44,45,46,47,48,49,50,1,2,4,3,5,6,7,8,9,10,11,12,13,14,15,16,17,18,19,20,21,22,23,24,25,26}]
after: 
[a] = [{28,29,30,31,32,33,34,35,36,37,38,39,40,41,42,43,44,45,46,47,48,49,50,1,2,4,3,5,6,7,8,9,10,11,12,13,14,15,16,17,18,19,20,21,22,23,24,25,26,27}]
after: 
[a] = [{29,30,31,32,33,34,35,36,37,38,39,40,41,42,43,44,45,46,47,48,49,50,1,2,4,3,5,6,7,8,9,10,11,12,13,14,15,16,17,18,19,20,21,22,23,24,25,26,27,28}]
after: 
[a] = [{30,31,32,33,34,35,36,37,38,39,40,41,42,43,44,45,46,47,48,49,50,1,2,4,3,5,6,7,8,9,10,11,12,13,14,15,16,17,18,19,20,21,22,23,24,25,26,27,28,29}]
after: 
[a] = [{31,32,33,34,35,36,37,38,39,40,41,42,43,44,45,46,47,48,49,50,1,2,4,3,5,6,7,8,9,10,11,12,13,14,15,16,17,18,19,20,21,22,23,24,25,26,27,28,29,30}]
after: 
[a] = [{32,33,34,35,36,37,38,39,40,41,42,43,44,45,46,47,48,49,50,1,2,4,3,5,6,7,8,9,10,11,12,13,14,15,16,17,18,19,20,21,22,23,24,25,26,27,28,29,30,31}]
after: 
[a] = [{33,34,35,36,37,38,39,40,41,42,43,44,45,46,47,48,49,50,1,2,4,3,5,6,7,8,9,10,11,12,13,14,15,16,17,18,19,20,21,22,23,24,25,26,27,28,29,30,31,32}]
after: 
[a] = [{34,35,36,37,38,39,40,41,42,43,44,45,46,47,48,49,50,1,2,4,3,5,6,7,8,9,10,11,12,13,14,15,16,17,18,19,20,21,22,23,24,25,26,27,28,29,30,31,32,33}]
after: 
[a] = [{35,36,37,38,39,40,41,42,43,44,45,46,47,48,49,50,1,2,4,3,5,6,7,8,9,10,11,12,13,14,15,16,17,18,19,20,21,22,23,24,25,26,27,28,29,30,31,32,33,34}]
after: 
[a] = [{36,37,38,39,40,41,42,43,44,45,46,47,48,49,50,1,2,4,3,5,6,7,8,9,10,11,12,13,14,15,16,17,18,19,20,21,22,23,24,25,26,27,28,29,30,31,32,33,34,35}]
after: 
[a] = [{37,38,39,40,41,42,43,44,45,46,47,48,49,50,1,2,4,3,5,6,7,8,9,10,11,12,13,14,15,16,17,18,19,20,21,22,23,24,25,26,27,28,29,30,31,32,33,34,35,36}]
after: 
[a] = [{38,39,40,41,42,43,44,45,46,47,48,49,50,1,2,4,3,5,6,7,8,9,10,11,12,13,14,15,16,17,18,19,20,21,22,23,24,25,26,27,28,29,30,31,32,33,34,35,36,37}]
after: 
[a] = [{39,40,41,42,43,44,45,46,47,48,49,50,1,2,4,3,5,6,7,8,9,10,11,12,13,14,15,16,17,18,19,20,21,22,23,24,25,26,27,28,29,30,31,32,33,34,35,36,37,38}]
after: 
[a] = [{40,41,42,43,44,45,46,47,48,49,50,1,2,4,3,5,6,7,8,9,10,11,12,13,14,15,16,17,18,19,20,21,22,23,24,25,26,27,28,29,30,31,32,33,34,35,36,37,38,39}]
after: 
[a] = [{41,42,43,44,45,46,47,48,49,50,1,2,4,3,5,6,7,8,9,10,11,12,13,14,15,16,17,18,19,20,21,22,23,24,25,26,27,28,29,30,31,32,33,34,35,36,37,38,39,40}]
after: 
[a] = [{42,43,44,45,46,47,48,49,50,1,2,4,3,5,6,7,8,9,10,11,12,13,14,15,16,17,18,19,20,21,22,23,24,25,26,27,28,29,30,31,32,33,34,35,36,37,38,39,40,41}]
after: 
[a] = [{43,44,45,46,47,48,49,50,1,2,4,3,5,6,7,8,9,10,11,12,13,14,15,16,17,18,19,20,21,22,23,24,25,26,27,28,29,30,31,32,33,34,35,36,37,38,39,40,41,42}]
after: 
[a] = [{44,45,46,47,48,49,50,1,2,4,3,5,6,7,8,9,10,11,12,13,14,15,16,17,18,19,20,21,22,23,24,25,26,27,28,29,30,31,32,33,34,35,36,37,38,39,40,41,42,43}]
after: 
[a] = [{45,46,47,48,49,50,1,2,4,3,5,6,7,8,9,10,11,12,13,14,15,16,17,18,19,20,21,22,23,24,25,26,27,28,29,30,31,32,33,34,35,36,37,38,39,40,41,42,43,44}]
after: 
[a] = [{46,47,48,49,50,1,2,4,3,5,6,7,8,9,10,11,12,13,14,15,16,17,18,19,20,21,22,23,24,25,26,27,28,29,30,31,32,33,34,35,36,37,38,39,40,41,42,43,44,45}]
after: 
[a] = [{47,48,49,50,1,2,4,3,5,6,7,8,9,10,11,12,13,14,15,16,17,18,19,20,21,22,23,24,25,26,27,28,29,30,31,32,33,34,35,36,37,38,39,40,41,42,43,44,45,46}]
after: 
[a] = [{48,49,50,1,2,4,3,5,6,7,8,9,10,11,12,13,14,15,16,17,18,19,20,21,22,23,24,25,26,27,28,29,30,31,32,33,34,35,36,37,38,39,40,41,42,43,44,45,46,47}]
after: 
[a] = [{49,50,1,2,4,3,5,6,7,8,9,10,11,12,13,14,15,16,17,18,19,20,21,22,23,24,25,26,27,28,29,30,31,32,33,34,35,36,37,38,39,40,41,42,43,44,45,46,47,48}]
after: 
[a] = [{50,1,2,4,3,5,6,7,8,9,10,11,12,13,14,15,16,17,18,19,20,21,22,23,24,25,26,27,28,29,30,31,32,33,34,35,36,37,38,39,40,41,42,43,44,45,46,47,48,49}]
after: 
[a] = [{1,2,4,3,5,6,7,8,9,10,11,12,13,14,15,16,17,18,19,20,21,22,23,24,25,26,27,28,29,30,31,32,33,34,35,36,37,38,39,40,41,42,43,44,45,46,47,48,49,50}]
