[a] = [{0,1,2,5,4,3,18}]
[i, st.vals[i].c] = [0, 3]
[i, st.vals[i].c] = [1, 0]
[i, st.vals[i].c] = [2, 1]
[i, st.vals[i].c] = [3, 0]
[i, st.vals[i].c] = [4, 0]
[i, st.vals[i].c] = [5, 1]
[i, st.vals[i].c] = [6, 0]
[i, st.vals[i].c] = [7, 0]
[i, st.vals[i].c] = [8, 0]
[i, st.vals[i].c] = [9, 0]
[i, st.vals[i].c] = [10, 0]
[i, st.vals[i].c] = [11, 0]
[i, st.vals[i].c] = [12, 0]
[i, st.vals[i].c] = [13, 0]
[i, st.vals[i].c] = [14, 0]
[t,x,y] = [1, 0, 3]
[ans.c, ans.freq] = [0, {1,1,1,0,0,0,0,0,0,0,0,0,0,0,0,0,0,0,0,0,0,0,0,0,0,0,0,0,0,0,0,0,0,0,0,0,0,0,0,0}]
[t,x,y] = [1, 1, 5]
[ans.c, ans.freq] = [1, {0,1,1,0,1,1,0,0,0,0,0,0,0,0,0,0,0,0,0,0,0,0,0,0,0,0,0,0,0,0,0,0,0,0,0,0,0,0,0,0}]
[t,x,y] = [1, 1, 4]
[ans.c, ans.freq] = [0, {0,1,1,0,0,1,0,0,0,0,0,0,0,0,0,0,0,0,0,0,0,0,0,0,0,0,0,0,0,0,0,0,0,0,0,0,0,0,0,0}]
[t,x,y] = [2, 1, 8]
[i, st.vals[i].freq] = [0, {1,0,1,1,1,1,0,1,0,0,0,0,0,0,0,0,0,0,1,0,0,0,0,0,0,0,0,0,0,0,0,0,0,0,0,0,0,0,0,0}]
[i, st.vals[i].freq] = [1, {1,0,1,0,0,1,0,1,0,0,0,0,0,0,0,0,0,0,0,0,0,0,0,0,0,0,0,0,0,0,0,0,0,0,0,0,0,0,0,0}]
[i, st.vals[i].freq] = [2, {0,0,0,1,1,0,0,0,0,0,0,0,0,0,0,0,0,0,1,0,0,0,0,0,0,0,0,0,0,0,0,0,0,0,0,0,0,0,0,0}]
[i, st.vals[i].freq] = [3, {1,0,0,0,0,0,0,1,0,0,0,0,0,0,0,0,0,0,0,0,0,0,0,0,0,0,0,0,0,0,0,0,0,0,0,0,0,0,0,0}]
[i, st.vals[i].freq] = [4, {0,0,1,0,0,1,0,0,0,0,0,0,0,0,0,0,0,0,0,0,0,0,0,0,0,0,0,0,0,0,0,0,0,0,0,0,0,0,0,0}]
[i, st.vals[i].freq] = [5, {0,0,0,1,1,0,0,0,0,0,0,0,0,0,0,0,0,0,0,0,0,0,0,0,0,0,0,0,0,0,0,0,0,0,0,0,0,0,0,0}]
[i, st.vals[i].freq] = [6, {0,0,0,0,0,0,0,0,0,0,0,0,0,0,0,0,0,0,1,0,0,0,0,0,0,0,0,0,0,0,0,0,0,0,0,0,0,0,0,0}]
[i, st.vals[i].freq] = [7, {1,0,0,0,0,0,0,0,0,0,0,0,0,0,0,0,0,0,0,0,0,0,0,0,0,0,0,0,0,0,0,0,0,0,0,0,0,0,0,0}]
[i, st.vals[i].freq] = [8, {0,0,0,0,0,0,0,1,0,0,0,0,0,0,0,0,0,0,0,0,0,0,0,0,0,0,0,0,0,0,0,0,0,0,0,0,0,0,0,0}]
[i, st.vals[i].freq] = [9, {0,0,1,0,0,0,0,0,0,0,0,0,0,0,0,0,0,0,0,0,0,0,0,0,0,0,0,0,0,0,0,0,0,0,0,0,0,0,0,0}]
[i, st.vals[i].freq] = [10, {0,0,0,0,0,1,0,0,0,0,0,0,0,0,0,0,0,0,0,0,0,0,0,0,0,0,0,0,0,0,0,0,0,0,0,0,0,0,0,0}]
[i, st.vals[i].freq] = [11, {0,0,0,0,1,0,0,0,0,0,0,0,0,0,0,0,0,0,0,0,0,0,0,0,0,0,0,0,0,0,0,0,0,0,0,0,0,0,0,0}]
[i, st.vals[i].freq] = [12, {0,0,0,1,0,0,0,0,0,0,0,0,0,0,0,0,0,0,0,0,0,0,0,0,0,0,0,0,0,0,0,0,0,0,0,0,0,0,0,0}]
[i, st.vals[i].freq] = [13, {0,0,0,0,0,0,0,0,0,0,0,0,0,0,0,0,0,0,1,0,0,0,0,0,0,0,0,0,0,0,0,0,0,0,0,0,0,0,0,0}]
[i, st.vals[i].freq] = [14, {0,0,0,0,0,0,0,0,0,0,0,0,0,0,0,0,0,0,0,0,0,0,0,0,0,0,0,0,0,0,0,0,0,0,0,0,0,0,0,0}]
[t,x,y] = [1, 0, 6]
[ans.c, ans.freq] = [7, {1,0,1,1,1,1,0,1,0,0,0,0,0,0,0,0,0,0,0,0,0,0,0,0,0,0,0,0,0,0,0,0,0,0,0,0,0,0,0,0}]
[t,x,y] = [1, 0, 3]
[ans.c, ans.freq] = [1, {1,0,1,0,0,0,0,1,0,0,0,0,0,0,0,0,0,0,0,0,0,0,0,0,0,0,0,0,0,0,0,0,0,0,0,0,0,0,0,0}]
