0
494477409
720097287
720097287
0
720097287
0
0
1416144920
1606265974
720097287
2197546714
2268839012
720097287
2243238953
2765845474
2032234245
683540123
1178017532
0
720097287
3166115695
1228088638
2546819266
1763268971
613816959
3479258474
3930966543
2046226018
2046226018
2046226018
4053010400
3003811173
3601302331
2203839151
4561001751
3946939142
2099114771
3439005864
4053010400
2729180409
2594204312
4973788030
2203839151
2729180409
2325239038
3250862589
4930762917
4106788743
5547934651
1763268971
3347109414
1527409569
6163927578
2572558405
7469410347
4609329759
2572558405
5474368210
4089658884
4336710300
3878964284
4336710300
5585899542
4336710300
5070351458
5585899542
5722019613
6988711620
7455624408
5740127177
2518671452
5799121619
7702541815
8689856313
9320283246
5249613043
4058225869
7105245154
9178681076
8204473427
7941634157
2161656752
8677760560
8046358537
8786597458
9041785973
10212687254
7359015331
2778580741
8216395860
6582105022
2235783050
13901852479
12787471919
2142944513
3967312503
9187164759
9324571743
844801552
14597057256
2235783050
2591833436
850246899
13008339136
17077062457
16585542290
2723626819
13730707630
13233283994
10180878409
13927438746
3251378778
17585579309
8509527336
2591833436
19085036200
15932676930
10340029199
17346964230
17419872099
11421971357
16182465320
7601200398
20269227833
20206789599
9400695796
18369581717
17987504368
12062222749
17260008826
19876176418
12801007617
19234787708
21841880126
12727730803
19686274068
11598225098
4927513047
22846085691
11893963041
22992768979
18959564518
18641545189
10894649566
7726281649
11344292374
22760328790
24745779106
5566786545
20106434077
11757842970
3939512374
17517088067
25720676506
7320196392
5814319109
26338936204
23692705716
25702509939
0
13038127997
13644937259
12455419689
24853199719
20754252796
1967510194
18178840861
23689934516
9573489054
13604155536
26550599251
20615245567
25238408556
16661407972
25996281184
21538910179
27470832854
27090543657
2583367214
13216094017
3956473968
23559632184
13511831960
26925566366
25812054255
20349594345
26479939438
24409447767
13315384402
26460674503
12457517343
22227066064
5651451101
28562025591
15680966869
21250553814
21769713173
28323953589
10583565158
18328876729
30701476500
19291049146
26770038040
2766705361
28328949876
5162119183
27652415468
14675469876
25428663049
30442635856
33021175712
3871080178
30178941326
31552486257
16178529014
34705089055
30126000727
10965839902
30925146635
32024215690
27310475121
3915433869
5702454499
30076673801
8858189420
3713490725
32142294008
35056495202
26788565183
32137143877
31850675140
21942785780
10517375130
34969641603
32373538968
33328256690
7306234214
38186376375
31092965430
37073422445
18197134805
33373579643
37060718516
32779129806
21200016365
20842378861
26215830902
20706258790
26268756438
39175377081
21105975487
26268756438
39074377216
32087606345
39905701387
23366973052
38230381172
35144762598
34909599983
22100120703
39145560196
43401776960
39014839480
34305002898
21775385298
38618986532
25369911148
41209143782
39693780700
32402396970
24154402333
7581014406
32020203003
37548308002
16021197467
6356516724
6356516724
41341932513
25057541471
39490305191
37093849995
39741169725
17880146766
42193338570
34259275271
43248666998
42075439785
4983409970
41602298093
42181027722
26529588344
43035372175
43993419176
29936633428
40115650199
39025727366
27912196418
27052032612
39953688538
46065040068
40027057126
40577643265
38257585816
27912196418
45359271322
32415696920
43439809004
39280168892
27605738045
41382168418
40900070712
45587201538
47076396915
40342246067
2980406092
45893823491
46254730263
39142182951
46067624858
46128986106
11737233364
18840079156
12163083360
49192335236
52860762153
24565119435
48455518937
26056800581
41433548078
47845237803
52844749671
28525167731
35670609781
44030707329
42998345131
45143611072
44400117897
1791586916
47459637658
47926187467
49198971923
30036282381
51749817192
30036282381
50845584195
43780970040
45462360800
46541970113
48738348828
44311110224
10772355919
49304251077
7959444477
10037499939
44746487897
50810816773
50019663347
26561770833
46523271314
31144441483
49267252011
51653880370
39273043812
50544868340
52631231645
53140601823
11353194712
52671316952
57185309488
53394492820
32085746050
25599588787
34925926344
1030397110
12036052547
54558067736
54295907946
42570536937
19269717301
6971499527
54739154412
6626182650
53511232344
28933455795
56643980664
58161071539
24053991318
50416878431
50768332278
20406309372
55671842744
38903921377
55921562265
34545915249
55460212373
27526919655
53038733961
28985804898
59999009613
42701446120
26874155765
55072439814
52964226108
52717907316
47473875946
51933497962
58196563546
57275285426
57694170974
22486701045
54877512814
60249475124
1048797569
56028635866
57736799454
60011799762
39717211583
44890664030
40103477568
25154698756
9767904029
41531188208
29367753325
60993291608
25094769456
62989736636
50947444490
57228194524
8328587298
61370765837
64356573367
62117736552
21337929161
11008508967
30928683811
9654434550
62617434494
41593423577
6854977117
60278505278
41660728924
15277068364
63819928261
31969770722
31180205420
32025006972
70652986589
67507129778
62999281355
71388332188
26502856721
65332575985
68362488450
16516287243
20627109109
49473899204
13295132934
49395378286
8803172316
31397345664
16633126534
61734689068
39115850196
42551810403
54362192691
66907948060
29640219549
4880082283
1048797569
72726585159
67183624383
18229656341
66803648263
69220327059
48603680945
69473002662
69583155286
45679307126
1809987375
54449640056
72877335968
70893051284
76659996351
49435493734
66324236775
48951147453
0
67950787742
17555374677
3021049400
48559259622
77250381162
40078776796
74754743841
51025819704
76267041955
74633841150
78320575176
78506898387
10476628948
73772495732
68167787240
68201045495
62110363123
30706520981
61971345945
21449407678
15730677177
78013464912
84435498923
21009180990
78039897664
46427076343
81571593182
73131841697
19896831559
34214841333
38694612546
77459520078
71902914710
82198157667
79284697189
72959319004
22189327630
81126057413
89567894727
85638600085
37710237397
21162319869
67350425256
33386994427
88051166623
16920012246
89986437495
56380840660
87854100010
86680003290
87428971923
17144829765
73885827767
20894609959
80949064211
82491935638
74372637871
79186831139
79282873222
90628693839
61848630592
71581638143
85042555212
27093138548
90704217204
75864077574
59228015518
47821556724
46614682355
84541411323
39450713498
84146243822
90093239109
86846606144
86887473165
87558476098
69105137789
38532246079
13202080096
68040349205
84081567401
85072140499
83566000416
75083077473
81671799541
22896284352
87043693326
13733398714
88637376224
72218073598
66696327421
50176375954
73099187391
77911633165
44860889590
80920053848
72203458428
44130337557
89477680277
81048874928
52614209928
10221930690
88394956204
47034104915
92055160815
39463881568
47889152689
81652090904
84412846859
11420670956
56144065430
25173051645
90067660899
88050588146
42692648351
87863114979
73845008921
77666108442
84115821955
41893973027
91069462683
47728703419
96289062939
93001804514
4117618116
49327444891
80182834892
36003858272
44776013033
98499760306
51868940987
23894834615
56631290983
91547532322
92642885068
80585305082
93000382254
28772918872
5576808179
86311667883
101514368474
23518640160
96201639514
97826794460
102028230527
15724137511
27068311622
103999880729
99017235999
91468064527
101898124472
88198266546
99052309861
100824408987
89858218864
7295975941
102342653317
68151184983
104122688745
42951575416
11661999187
27306920315
92893400443
84376957863
105200793125
54410193521
102779100255
45118553678
101724935567
88836661798
108035155005
70457644587
81159499403
103982252228
104246736615
27627171077
21430652410
81602414734
109076851904
100430463821
103500506169
105709410428
85214242452
104042291708
111811440683
108816375270
106442451431
55159454103
112947303717
90204667687
104071523084
102205941439
13219006603
99614705581
104265740827
81142465053
81806712258
113739466734
45259140806
27627785423
61505358007
110356087138
97490930927
92708929545
83410496934
43942166060
112697146653
113565687350
94428720211
18543466438
96173049857
108296634477
110175858685
108351813786
111492478992
109760911673
87392620904
108399979948
73854131143
108346226695
76651526209
118008588078
116570843992
83908044012
114710885363
90899024256
88737811119
84288588619
42324754068
47552965566
72973452695
86055419608
120995199796
112430978502
113027940608
95271195906
112345509579
120905802399
29716573868
58852324950
110031182296
48517080326
28944500068
22098801242
122403799580
108096093963
120082548925
111727795128
35198178413
125831300053
124740385524
122789710505
116454408622
44482589197
43561462344
116695265058
77565290195
123308994281
47735729129
122919701180
119719276421
83854286195
32203993184
64101232687
78052952700
123112733677
115565282271
29412055184
122375042448
11661999187
122117993552
126969223684
117456401633
127372323581
78242904240
127751052256
96949811174
123905671993
50349331442
78394180391
109331492789
109575424975
33591017161
117526002200
93356465546
54095214346
92555890235
118630158944
101102775036
115865034906
128964585548
124406794084
20036162344
102256984880
119934675305
127702978167
33370904809
90014412874
46086274722
131939917876
16527916044
109677764695
42847293149
98965905417
73889221186
108013230233
95388208143
64538512991
101325354465
127748841388
125050232239
65041314092
131817043257
132637842509
130039371811
125776233584
131299887501
111228163689
85976934189
112838888465
68034096761
130979713019
34449268480
104898294991
86079864392
126766097069
126474472126
104128462776
37798925268
126245868797
101311496218
129922641352
111044056797
42521485791
89661505375
131055968342
135667877761
32769733760
130614903340
111019933532
55629051836
66864776337
129738616322
18394808104
103685954841
17806845611
10845784630
10865059661
114767171394
106315540582
13842860543
74779608556
132469764417
117569133871
134752549717
57186823186
92815363147
129661889091
134869433660
61251548446
136159738035
142110821030
119773866322
121223617977
104572032882
54689308104
58204542467
134558771052
17955202518
137095497989
116736742830
118593677038
55090598697
141482833616
139342457129
32613132226
66720783190
139359245156
142469318543
143002362750
16542873096
114113257194
70794262943
124391226906
25380340315
110308861597
148928461408
142453380070
92404031276
109281884077
137881497435
142416943687
53933091929
117182285868
106162383773
49409029583
110301662023
139804994399
149151933738
56766203627
112350773287
149209621397
123477655112
45593434558
152068315782
129646336085
17553665198
35753577200
145084739271
38437195524
102214736514
147128384267
126160497900
146523703612
149378372071
29375448820
146934177542
99650947573
141351571257
124524791150
124609740184
144158290787
101392991828
144919602805
54352349943
141705049387
144870048791
148504045282
130435125719
116314839603
63905105170
99074479610
145692104066
65799357869
131673306004
75649485890
153985648319
148406288076
110491861149
98144363605
119382777417
158021578826
149591720958
154425893722
102558994565
153265789920
152911964334
143052120767
42427737732
151763329148
16023543185
135065843555
148649100819
20333376748
40208996058
129025646318
155997953653
63208055597
66605909657
79123407217
116767633873
44531281411
133393579168
158996827357
126813495527
156520090992
124452994152
56932962557
155929529537
151319101233
110294334276
45132741704
135721590807
145300577297
6974120744
150919218722
60291629476
162298403937
72963500408
156202677974
160514227749
157055483247
105870560743
44346401808
31633491935
159867110616
147108846546
165082064071
133555021980
86125768022
27441261298
136797604935
33792518314
154643788533
156375928581
154486848514
159053229508
131048541586
159794142764
60631560026
63466425027
153327215918
156720869952
20333376748
166049184088
154988564984
159932859145
165191487837
110476911889
166775954088
165632403987
108752847885
4696894958
36853198714
93845473886
117510046308
167942998046
167645650019
137618502618
125402062203
21304693040
150777304267
65682012944
142457404658
98927962666
162901467653
68680436315
56169673173
161249920135
130977096736
58836918610
998276144
160844903035
145042134313
164873279181
14946819916
92399092136
169701322231
78037957782
167945034432
132100376173
135849759038
171742109802
108710181233
64467130837
156808223105
166807557849
119933081720
145421526018
18210882527
150027174985
66133388573
80687260714
170964940877
164547234367
166442787136
175657234991
18210882527
39026799383
114739130266
174782167722
169495010762
7123546067
114751047058
74021589558
143610195956
66772581063
37668921889
16232914178
112248338460
159350988650
166097779338
174065863294
174294289394
142118415210
178996929468
25258433025
112795309591
86174285498
109311773931
177751380890
148944827774
131628275358
2047073713
166142775432
179585930427
133393252297
170933758099
120920290874
68532729703
180471131959
78640251819
68646532841
10314483497
143727649124
174387783713
4815021797
24673863210
179349142143
152176162989
173731447501
151331224695
170978523331
120362598671
49328969035
31163825962
174068451875
114468101109
82368217253
108425112554
15789991986
177792565844
135555097842
70063190324
185211643713
115692891439
176329887597
174229868126
161766765148
2047073713
156510348797
181872605795
177909486814
160630154961
178357485787
158477815211
130137631742
117644642753
178038471411
170282064815
185835520556
187126327341
136739623697
23141975209
79563700927
169899298319
109895960159
153011280746
94570870202
178409073185
192620207203
112307304917
124341030111
180948910734
174926187248
190838886240
184282200810
118178783481
158968281557
64209419423
193024156371
23486357143
97116987805
144586977641
149910442726
194545735507
75506569689
82209015639
56905135015
194330798749
184306244518
194821217268
186911198517
158662811962
193656009420
185399367903
186043153211
195909622091
95048588722
190737857930
112312431009
185817436682
31794924235
190055154616
162693264686
46879223034
178464322885
61373532963
185825272092
15997143873
190438891772
195761428439
136650529985
186003583390
38456385824
18575264135
202016627441
166090053889
168195759396
201011437804
154108305723
159785103149
146261049043
83678297662
158947604310
197459607278
203596600711
78205102499
53935880988
53935880988
190009733523
202438070194
186155837913
71876620243
173569765771
194033902106
182424019550
65420485916
70614601234
198156570330
171412798723
204756338311
125534245205
92360530191
192084930168
131246366932
161694973509
44598268692
203701761121
102506874706
194603477221
54656902267
187352095004
119217499137
205544836509
119745519668
207194804531
205029932138
147969432686
87690410629
114393332986
140824900881
206720259963
207141940816
196309146707
92785309820
207749656603
210592798249
211746642615
81058078318
129032986321
205089530864
182575441359
179155273356
38355757967
182555290212
106947776154
210984732646
219203026925
93785236413
105670139009
214704221453
210662694172
210487621051
126762300326
12139164934
79101040497
169353299527
192589994220
192742120589
78711158675
51693341160
24336861159
214533095506
215306717313
223199094152
193595858565
220003802097
92329392236
221791351786
3450774775
212968851224
202337357738
225068132949
125200726165
225183609440
215252861116
180271445384
147539711428
118155209552
208269064210
184593111916
212978267715
208550241199
173505028746
129332937905
173956031878
135180563916
224131754487
228618681585
142187745978
27092906834
30534836618
226233605714
47522380820
79775578913
188642571494
103906702501
181610076529
153428543883
63562280353
220752170987
229122726991
227662182497
229795064876
188093824531
160663465695
207837419072
4437427951
130379221547
201772610610
224492821498
78173216374
221053790636
182511517176
184900902172
51407611546
216304177226
126726491751
85529477894
223467469089
230006940913
103622380441
230078158064
224519277670
81569902562
54760484651
100912371319
5022397993
75354069987
225825190876
106261361621
170432995903
65418333237
180522401328
196494926313
24473012104
216526459073
173095957126
113736283888
144328221080
7939875185
126455213394
233581911825
133738283633
217369071927
71916686777
196966376299
234476509450
124130624779
233357021723
27819892142
236412265846
215858841230
199287872862
205469892752
62769660951
240013034864
147479280256
124005125023
221343345660
97612169288
201831100525
136302916534
215775692309
195424039816
210951922655
146734131702
30250614842
206796216011
210242042277
230932574214
67044501244
93586458894
242257826953
188329540960
65866739973
36167642677
86235187623
222681806110
185031425670
185447196382
223409169961
209035171134
150266512610
92008605864
238430236199
206221828810
68780712222
52597403995
222407694603
141724831848
211081656735
205807494674
250252322865
243571846272
179745102689
50538490312
243921274872
246775705959
75102743421
249298701857
246365283514
234773117552
199551005774
13388258197
231340232012
54812146816
198376619714
86799183113
165821008440
251914222151
178115192678
212686383697
86799183113
220286254581
29429909218
209292970703
227764243073
117424948381
197658381282
31932701769
246312697126
245218813532
253116123184
141820666083
203145739537
77784226931
250102468798
242892908100
125062366131
39374669372
12667948404
246493010878
94752130218
182978655750
170474214658
235499807951
95521749254
186738726235
221123280786
210934269195
176760551607
235410774284
203623824783
117728425640
251494599503
177310177365
15159145805
162278293398
142655969889
111669119257
229518106403
246064590768
257470781416
245017389494
122739088307
251102783511
82227937332
191162810896
180348047455
28860176260
134189652785
4437427951
256405879409
259040396012
158006092520
98207457353
202710638441
147936153288
251713283276
255285283502
154906228053
231942934901
170489735073
120682676392
92480800900
258989543678
79295038917
219101146723
244060220785
228832341399
219054936167
258672537747
159246481266
198434252175
117955217380
241731272424
215668239257
146652809491
49069735839
42900786868
248154750751
159027145750
231913433523
14943300670
164757398576
195028230348
254966729941
155658402601
262605818325
68412966480
177724590085
200420365375
211954799806
4437427951
216387419264
217534692563
156343725206
237491840785
205937774623
237974701511
223830080744
2286358122
216688556523
30988934038
110569226564
263195326942
175430679176
116274576462
76946451036
206762505371
245629806215
182966013915
38922927147
30201259269
139485959014
161346987885
224502618178
260416505058
238752400005
259384722363
249812638106
258569405185
223046781547
261431479408
238107137206
185450962129
261431401828
104217493654
34280474492
269860538896
32404640027
268327306935
230012877497
175068405454
261784081852
251322571427
152118131125
206604122267
31493448130
998276144
103589414727
24346269205
196134782169
266454789300
62850981977
268139533428
83332912889
270354927324
254373854014
105136012016
87367910607
213810682026
258534354027
226825034815
247505401051
158591688651
262667722670
233749481763
104322368111
150541851215
86470998105
120426711501
34363143088
105211495264
250912296266
102641093706
47446868990
160277733556
256926431435
268743175139
20421342015
172002059963
150128810978
275758267449
279999074190
128908718144
52890799348
249289757427
34363143088
19510108043
3233143486
237638072203
246585422833
272310629779
157843180224
9054542781
256009274495
196788811712
269755030026
237968516745
277174715261
278859222466
43851231917
149097665314
255389499313
84672069553
269942641720
79758191077
204011291400
200221284143
23493975962
230939742781
270359026616
117252166483
96850400442
164620679106
70047235581
148242890952
189660289710
241081057673
261074587393
131219006037
194443735403
135011459975
284727795131
268706476338
286237857690
279088510787
198478895303
118169688118
168754422309
38989704934
66224127978
283953102359
280706268662
135571534438
23821127078
149081804846
273937306417
30114732096
121197553693
262604044018
279684658670
120400562382
44050194772
259660114283
265755537001
285225786705
253707713635
35504114499
67952768624
273783154279
266678235297
286740955464
193970869981
19989373713
234431178780
231343579308
289006564649
276342779821
282483941151
237158587493
267565994823
197888456674
116649864930
3425795565
292914019215
238551115625
164595262727
230794599007
91183262806
56392806308
295294405664
181488797425
288878569389
78706496605
212661865800
172544970720
294154643323
34739731895
156310366393
113493214998
108173707604
294196481875
245217679159
156355580800
255199190645
158166654252
179320445119
115361679012
294127999411
295583391483
234067169727
294966811730
274294416006
298619022825
90217078787
268393088906
186426979025
23466124154
37097773073
237697418876
285018291340
204411507981
71382326948
29678956158
19349941507
139029684624
297067284803
302780093453
98637349656
110919195910
194040217661
294802372268
34938678103
300692125056
296048096455
281307880262
210763476493
307384325273
119684007273
281314692576
299524935691
255009285991
254556039497
289579570843
299004825674
283657065102
123008517104
275994112213
308091869175
240399774990
300833659520
178831348551
91644842335
268405543015
217076979884
299498353194
287701128865
63381844187
304152625191
303793652867
302057107266
304595731852
307955053309
284956256035
302380306343
252340784387
217271504585
290414358229
181610241513
284990698114
22061347230
305446129305
273374704977
279536772433
291720266237
33442953298
297802704804
117878143668
302843984220
52332133492
303848929454
223794519048
72961621324
280887738772
35881686203
217501103829
306072861986
11830131505
305499371456
255757807493
141884548887
117424134858
50775748045
75370533070
248316805560
307528587575
130345782064
277682267864
254946249017
311706986050
84271156635
35463287439
73663693300
87616099356
162160075085
111798602527
71979419617
118637446865
314780715424
263024208352
264188257236
98887480812
144986752258
227022063112
312769143511
307414407066
292686925076
249159973269
312146285923
226781207359
195359691264
304743119675
292599010171
189029444556
310879470737
313449065705
303967988858
150262789379
237871199456
316175092977
206742251336
249181708104
89058792460
237266383345
146736411420
256961006935
320147548125
312855964080
194420548300
37814416376
266538736514
251383682839
312460217342
319982477227
103771730534
201972560592
169165864993
316524835300
204498735068
101959251465
119354930531
66952629924
314366061163
135753822340
37814416376
306672368981
86726787709
47728389569
199168991236
107103008666
303760811665
113885407249
65933239743
326079084108
321363625547
303946572372
271306541508
76320183376
278801151580
301243367260
321424476345
72370699339
283307510022
282287492099
250366818901
259089543902
326780785618
57444855245
180585046319
152530196695
295806461297
238136182829
192883292090
295169506290
199678025087
53710782555
321782480986
264099503474
319053333525
222713324895
324948956754
297141335187
118341325288
333026136875
261522069240
318725796640
324962657271
310808013293
330723323209
2687904421
322879478734
35044841009
209194107738
217138394259
240261994964
325911783733
281201358642
327424143885
268830992738
272386121308
322028525007
59412041669
265439801194
33262031764
282058694434
32237714571
226526892485
327138511074
203282738808
232225238185
309027417729
81704112969
132275523046
42939994739
200960352769
269414186267
315288862520
177417610991
329373195295
4456188294
326824508654
11974957360
200960352769
321464389891
326700143270
183082772307
103041533347
329404692454
291394390339
339468572880
185959831300
204293731284
237360844688
211480719076
111259542621
332294751262
99420801630
58328258314
82949438911
224474488303
335718075569
333449410549
327573522815
339876447366
212363753845
188997711431
337277859761
337906062950
179479834900
341504735059
57432914631
221218706390
73470647655
338443347605
136568254504
267599865914
292504871148
23191703033
243380397326
342838179962
50996405971
84254394387
337656319416
235792149325
34544618209
138608708821
269860316760
336924949647
259467372541
63603082214
329089716258
313828146433
204957332898
205209633428
304287753548
283089100846
233837014519
290851396133
20105677533
14778011312
29827417321
94171781815
354273294431
20296784426
347678600124
315882779552
345783444462
203432266736
311154696453
341697261688
221247461001
338176823579
198248837985
350578241177
156344717416
348126234060
245254099540
352770874169
289342309154
177017656176
210115671411
203310828077
185167882046
272106591613
347663079430
170921076060
309758037703
224348552482
326900609267
154976074001
346103459529
326112276231
53275343890
295381808632
132336688614
321897483530
29455778302
254929830280
290478221576
85239170548
173480403325
313144009186
249337585470
147917369839
286487496753
355806943540
352810791161
257750606624
40548812885
53872313776
352174156066
351626954596
209138702531
131800953367
354433149274
20775228640
334918964375
266791520187
360683229160
358692260054
189298806659
233645422662
280131749226
78703932430
322216840853
207314479044
290344691320
349353260553
277838633330
234993973268
332169742987
342672497054
313515971245
349508209810
349634027006
135120081648
331343323641
357440163310
64323628178
351866305731
87732151261
354804236419
354630716127
356398876679
351704382298
320885399358
199769067180
236742975698
258403892717
28123269287
270144447531
53030485285
255622659959
54288974716
352218059018
283672979685
68612777329
352915385678
331250462655
324730133251
163488716157
117075673821
190326707462
353161180580
341236586357
173210085986
284639833281
343467092345
273817049478
28231534696
361288793100
329290768741
319633061485
287340332905
102221061433
193627587491
204798960351
315818068284
322853275031
356527350850
135499222492
293596301126
224906688847
213556596294
253587951425
315741500463
338852558469
190268884450
223920820882
176447387409
308309622754
369548655250
266979752664
365160132165
270530454766
353367440438
366959535079
290207061933
139264072362
259959587858
197486401179
278798285517
319565835480
263622343430
159908456352
374632312836
211498144001
199759278050
270333015314
330205969635
371234824321
220164870201
79338324795
126989671770
327457677741
261487588474
20292310789
278334542471
292406036789
375750482666
66139159202
197149710722
375621387933
193740308146
355876793144
340334725743
222268057665
297227568132
124869413737
327855626617
90447928711
227414066735
320219128713
97589629503
81535468695
379982344286
241084098958
339977196424
344120538176
99032559953
251579742758
98160840018
298596332945
289282846669
267007631071
67895412106
64161510348
357487289362
349489497290
376677941487
101713468569
365526796422
323905768188
3838186341
142684433697
58241343645
220187318767
297663159759
143035877197
333373260879
316504892219
266354903037
81603926471
72458388298
381211806635
381665604523
377741074132
348687642121
210865245181
148362234616
25299390032
343965290626
4387644700
377949757576
380801786425
313876761230
385158641604
276870769616
231307001822
369106634768
371228537619
374805780324
298822104156
298874004202
315956320526
114355083322
298868291417
385482997684
372407115642
372440553220
288197731801
73032761437
133082939326
350337410871
364165133260
371038338128
330909793186
101559682875
296281701481
100343776622
324848049729
382218542385
270842665322
104056049081
299218581632
49190046743
294598353488
296968216590
85162988910
304845816515
379738354225
319517556395
216124893311
65626695964
32737258986
156430226719
323430835114
130118034399
382324585707
225755310158
142345673195
228138863557
350801248294
378415905595
89372622799
266053829686
321651175629
176838292338
252172218842
317526228065
391531694664
174041229216
291535188056
270599806884
53556250291
333969900925
14740353155
371478564851
178296674272
239310053619
45095090460
84878592385
333098189991
40363025853
393603091685
70128982954
398445883717
265365065450
103652232311
71687127431
376141827774
333248497360
164384525968
386222587144
359882348422
358689596400
407665213506
228057256783
312157384690
62798743892
273806342375
361338977851
149069459546
292651992824
410804621590
31415415846
62064273335
283287717226
163165493434
15413878505
229617603332
310646817795
52983886306
229985713887
288550931670
91444004705
192194401693
313531456571
378956058779
366155395670
220916480765
350340633028
343954867579
405339469928
285879471448
382793268236
382822069643
40735556994
315594994979
245618009719
312373187489
173429164788
375053439105
338863244286
345831697952
407568923028
367471768494
267764987378
270015680723
110452500050
349626076161
183489717161
113150953872
404757334532
392758043955
383919101647
93944466387
402685517774
408920729303
362310211781
396455922410
372946504197
150855045444
346312671376
278891480298
24994590199
387111285825
414703516259
406681297985
388872501787
404733186410
365554764938
53354864916
236555765739
16238313156
234273159496
416118488962
318710964112
398383344825
221019533705
231551768645
14772091903
346893735898
110741457630
348561454156
267407238280
321805646280
217517835784
136947243200
286228973117
350028158415
404126729227
257923480069
370464816359
235570836999
347748645233
390498866163
42214335358
216393607102
391979124461
322459682643
349010725459
319040198057
268316950577
91387530554
391631953783
392232166027
365365142527
264959744102
241449365327
406420335021
169265633346
156846835098
380795834676
155930214261
412283178338
305491713013
375343373315
164438915473
306684396155
202233211972
321048202028
152062543963
375385877981
104473477004
327623202385
29687149708
356759809736
425370882752
365770403694
105086098163
415840180626
171005403880
202787286664
196404321094
413942065038
240920223316
293733704304
423189294985
117517816163
195343638844
18153598609
425203319215
380862145306
174976513922
344342092945
181353158122
402604503966
333731385323
356011425681
356119216061
73188988134
419853829784
354607880564
114835567902
137472007372
423874016490
430367842327
259377134739
226942863225
418224911006
60327321643
274228584577
260970794580
282256035396
414601253034
387858786831
421136834106
407236389749
50969568877
294833505337
277722084285
351768021979
314126441541
438274074192
348999088222
262695261424
162016604482
276598956573
270593275502
157890267383
339677428140
393541160556
331894397621
383744672003
263938355818
267536760127
333201068826
425414858657
419032229710
369511497152
161487779073
94522270883
412462986640
388936512380
261003274004
431230512243
217380365154
117516380139
297434241606
321919226863
214348094888
437701297931
110589876151
256886745072
366954276260
241787686220
441907098660
117585969187
46008140704
431673330036
420328148782
369763244488
416098748131
138332632795
359916342506
201601330815
98930485420
395545913237
419056082113
294566422667
339702949271
437179042106
436643686511
112779668781
78951987599
282564176890
158845287291
442621676735
395439437893
261143209360
19342639986
218783421819
91444851518
437322945395
427318416193
441570129979
421331271776
421982953416
94195227792
310070695195
385506041569
443500691438
223485052453
15616668626
287742528174
71258631697
45876804962
440186461395
432548436191
431654727668
177538723143
37927088776
382981378108
296923473802
210595478217
230727265218
375214848785
113011986006
418336889786
229286087602
362872380812
421401811723
97715075603
264519491710
190739695401
429296998114
445843496539
432573037989
48697006142
66495150506
434665783931
246677619541
120646453814
428827098121
442677355947
9449541053
447822780444
354778583097
170985914516
362340236042
178318207014
447979366510
449180839296
257732415535
427746436440
358854886590
398313300715
252349496607
16171932147
92891120331
270610951267
201974051336
116862413780
456905619138
100088606555
411669291174
455677461927
390093882480
234844847754
404866098817
414922000129
179221896113
422754506241
253513174783
79686066876
409592867693
440157926553
207119193033
67155116744
245733187706
416982968649
148310981932
424634317900
156022343515
169102842813
460431562358
365967641669
442010315584
173773019956
374002095336
393682216675
3641278784
454716953403
447531180117
452513623512
421364291533
225682791184
231358747523
456225030277
57566255956
463169018155
231319716152
67572317923
212624519022
253323587739
434355522496
319407319571
473330004717
102634583779
372358179439
375856382999
426969606248
348401180197
43383846633
416708733840
180455342312
161414269351
316036530817
350333936603
442893581074
269832431979
458500715649
441989526241
449505723652
418817640005
159833092765
238088853475
384687600231
318855038559
352449066543
222030595258
463939501125
449918402840
456236367383
401360322647
261014541111
251753061646
470888762573
454440543254
406670915024
469429367822
96847176737
443728896166
5427963116
123045772990
130912377434
453668570449
229099854476
275447938536
468729588644
243695472605
153903854861
365917494337
362414605130
91750887219
170508528942
79688988857
311492509321
472416326330
474182418525
370239078770
340443540717
395442309706
133662610340
120976123385
232501810299
377823259070
353973357982
88057004110
330528186980
286872335845
470688409211
455571986947
132647754065
141209425902
460494260108
9030862581
392978825864
442076591969
474294815030
477616866572
476222335739
40120636080
264209677525
265037484652
115832646435
246802226249
471188916505
442944290339
288782605022
31868383180
172862914322
438771414084
373557775819
186131751946
428275824208
190597143913
404219933809
471979523131
429129544254
444653316122
305628787921
378134116708
341187429166
474902486104
378075703843
475758790216
234964078316
285770311220
466768390544
32638591349
480979620879
371923024305
42652575196
411815396934
447200990877
311343808236
478844675721
190273720670
433527188912
484072580856
462443242314
384076218444
478967477422
4070217473
42637265067
336702036689
481911052182
393695633018
235878393538
455697062502